1234567890987654321234567890987654321
1234567890987654321234567890987654321
1234567890987654321234567890987654321
1234567890987654321234567890987654321
1234567890987654321234567890987654321
1234567890987654321234567890987654321
1234567890987654321234567890987654321
1234567890987654321234567890987654321
1234567890987654321234567890987654321
1234567890987654321234567890987654321
1234567890987654321234567890987654321
1234567890987654321234567890987654321
1234567890987654321234567890987654321
1234567890987654321234567890987654321
1234567890987654321234567890987654321
1234567890987654321234567890987654321
1234567890987654321234567890987654321
1234567890987654321234567890987654321
1234567890987654321234567890987654321
1234567890987654321234567890987654321